0.000000
0.000000
0.000000
0.000000
0.000000
0.000000
7.817776
0.000000
0.000000
13.625760
0.000000
16.544850
0.000000
0.000000
14.076908
0.000000
0.000000
0.000000
39.247481
0.000000
0.000000
0.000000
0.000000
55.045918
0.000000
0.000000
0.000000
0.000000
0.000000
107.459126
0.000000
77.718735
0.000000
0.000000
65.858825
0.000000
0.000000
49.625070
0.000000
0.000000
0.000000
36.743662
0.000000
0.000000
35.506228
0.000000
33.566880
0.000000
31.164773
0.000000
0.000000
44.367499
0.000000
0.000000
0.000000
0.000000
22.468832
0.000000
0.000000
0.000000
0.000000
24.321447
0.000000
0.000000
0.000000
0.000000
30.259731
0.000000
0.000000
0.000000
0.000000
0.000000
0.000000
0.000000
27.324048
0.000000
0.000000
0.000000
0.000000
21.469182
0.000000
0.000000
17.750884
0.000000
17.158196
0.000000
14.359704
0.000000
0.000000
13.118308
0.000000
13.994214
0.000000
0.000000
0.000000
0.000000
15.881272
0.000000
0.000000
12.717903
0.000000
0.000000
0.000000
0.000000
14.066332
0.000000
13.652743
0.000000
14.531631
0.000000
0.000000
12.893578
0.000000
0.000000
0.000000
0.000000
28.966042
0.000000
0.000000
0.000000
0.000000
21.059651
0.000000
0.000000
0.000000
19.894108
0.000000
0.000000
0.000000
13.702599
0.000000
0.000000
0.000000
20.837727
0.000000
0.000000
0.000000
0.000000
0.000000
18.914207
0.000000
0.000000
0.000000
0.000000
20.360916
0.000000
0.000000
0.000000
23.236405
0.000000
0.000000
0.000000
22.205683
0.000000
0.000000
0.000000
0.000000
15.119907
0.000000
13.663249
0.000000
0.000000
9.309380
0.000000
10.608964
0.000000
10.883548
0.000000
0.000000
0.000000
0.000000
11.782397
0.000000
0.000000
12.709727
0.000000
0.000000
0.000000
16.376838
0.000000
0.000000
0.000000
10.389677
0.000000
0.000000
16.037626
0.000000
0.000000
0.000000
0.000000
15.388423
0.000000
0.000000
15.300919
0.000000
0.000000
12.681966
0.000000
0.000000
0.000000
8.369746
0.000000
0.000000
10.990351
0.000000
0.000000
0.000000
11.963269
0.000000
0.000000
12.362515
0.000000
0.000000
12.496516
0.000000
0.000000
0.000000
10.668443
0.000000
9.869723
0.000000
0.000000
20.560230
0.000000
0.000000
0.000000
0.000000
0.000000
0.000000
0.000000
0.000000
8.803743
0.000000
0.000000
0.000000
0.000000
7.850965
0.000000
0.000000
0.000000
0.000000
9.565452
0.000000
9.355314
0.000000
0.000000
16.041324
0.000000
12.396825
0.000000
0.000000
0.000000
13.270548
0.000000
0.000000
14.149602
0.000000
0.000000
0.000000
0.000000
0.000000
17.998167
0.000000
0.000000
0.000000
0.000000
17.170013
0.000000
0.000000
0.000000
0.000000
22.917751
0.000000
22.020335
0.000000
0.000000
18.899749
0.000000
19.018082
0.000000
17.871834
0.000000
0.000000
0.000000
17.867802
0.000000
0.000000
13.384712
0.000000
0.000000
0.000000
14.675314
0.000000
0.000000
17.695903
0.000000
0.000000
0.000000
0.000000
0.000000
0.000000
0.000000
11.494275
0.000000
0.000000
9.535071
0.000000
0.000000
0.000000
0.000000
0.000000
10.918729
0.000000
0.000000
0.000000
0.000000
11.295363
0.000000
10.425837
0.000000
0.000000
11.954275
0.000000
0.000000
0.000000
0.000000
10.218799
0.000000
0.000000
0.000000
0.000000
0.000000
0.000000
11.677676
0.000000
0.000000
0.000000
10.717249
0.000000
0.000000
0.000000
0.000000
15.399519
0.000000
15.429148
0.000000
0.000000
0.000000
0.000000
0.000000
12.671305
0.000000
11.554625
0.000000
0.000000
0.000000
0.000000
0.000000
0.000000
16.978768
0.000000
14.462442
0.000000
17.679627
0.000000
0.000000
21.457628
0.000000
0.000000
0.000000
0.000000
21.854279
0.000000
21.620818
0.000000
0.000000
20.610102
0.000000
20.903846
0.000000
0.000000
0.000000
0.000000
12.982636
0.000000
0.000000
0.000000
0.000000
7.050390
0.000000
0.000000
0.000000
11.799655
0.000000
0.000000
0.000000
0.000000
0.000000
0.000000
14.763227
0.000000
0.000000
0.000000
8.713101
0.000000
0.000000
0.000000
8.786295
0.000000
0.000000
0.000000
9.682754
0.000000
0.000000
0.000000
10.161373
0.000000
12.470619
0.000000
15.197162
0.000000
0.000000
0.000000
18.954375
0.000000
0.000000
17.076635
0.000000
0.000000
12.806714
0.000000
11.340812
0.000000
0.000000
12.106719
0.000000
0.000000
19.738475
0.000000
0.000000
0.000000
17.454232
0.000000
0.000000
13.569824
0.000000
10.436859
0.000000
0.000000
12.871715
0.000000
0.000000
0.000000
19.400549
0.000000
0.000000
9.063371
0.000000
8.124009
0.000000
10.119933
0.000000
0.000000
7.716989
0.000000
0.000000
0.000000
12.421862
0.000000
0.000000
8.305262
0.000000
0.000000
9.806857
0.000000
11.101565
0.000000
0.000000
0.000000
8.472612
0.000000
0.000000
0.000000
0.000000
0.000000
8.309541
0.000000
9.580662
0.000000
0.000000
12.748946
0.000000
0.000000
17.146192
0.000000
0.000000
0.000000
0.000000
0.000000
0.000000
11.173733
0.000000
0.000000
0.000000
7.213704
0.000000
0.000000
0.000000
0.000000
16.091029
0.000000
0.000000
0.000000
0.000000
0.000000
0.000000
0.000000
15.514263
0.000000
0.000000
0.000000
0.000000
12.630017
0.000000
0.000000
0.000000
0.000000
8.589904
0.000000
0.000000
7.408814
0.000000
0.000000
0.000000
0.000000
8.196623
0.000000
0.000000
0.000000
0.000000
0.000000
0.000000
5.037381
0.000000
0.000000
6.545772
0.000000
7.128427
0.000000
5.417559
0.000000
0.000000
0.000000
4.581860
0.000000
0.000000
6.605472
0.000000
0.000000
5.725148
0.000000
0.000000
5.830246
0.000000
0.000000
4.707905
0.000000
0.000000
0.000000
4.361216
0.000000
0.000000
0.000000
0.000000
5.607570
0.000000
0.000000
0.000000
7.967236
0.000000
0.000000
0.000000
0.000000
6.422752
0.000000
0.000000
7.289299
0.000000
0.000000
0.000000
0.000000
0.000000
0.000000
5.826127
0.000000
3.474558
0.000000
0.000000
0.000000
6.296042
0.000000
0.000000
8.259666
0.000000
0.000000
0.000000
9.330165
0.000000
0.000000
0.000000
0.000000
0.000000
6.148379
0.000000
0.000000
5.871700
0.000000
0.000000
0.000000
4.864723
0.000000
0.000000
0.000000
0.000000
3.908562
0.000000
0.000000
0.000000
0.000000
5.758835
0.000000
0.000000
4.003138
0.000000
4.771047
0.000000
0.000000
0.000000
0.000000
0.000000
4.814748
0.000000
0.000000
0.000000
0.000000
0.000000
4.286966
0.000000
0.000000
6.004531
0.000000
0.000000
0.000000
0.000000
0.000000
0.000000
2.803780
0.000000
0.000000
0.000000
3.260287
0.000000
0.000000
0.000000
0.000000
0.000000
4.469479
0.000000
0.000000
0.000000
0.000000
3.124457
0.000000
0.000000
0.000000
4.297842
0.000000
0.000000
2.589789
0.000000
0.000000
3.115442
0.000000
5.144551
0.000000
0.000000
0.000000
0.000000
0.000000
3.388609
0.000000
0.000000
0.000000
0.000000
0.000000
3.710517
0.000000
4.177256
0.000000
4.269691
0.000000
0.000000
0.000000
4.128470
0.000000
0.000000
2.888085
0.000000
0.000000
0.000000
5.750969
0.000000
5.612415
0.000000
0.000000
0.000000
4.819119
0.000000
0.000000
0.000000
4.645129
0.000000
0.000000
0.000000
0.000000
3.636973
0.000000
0.000000
0.000000
0.000000
0.000000
0.000000
0.000000
0.000000
0.000000
0.000000
0.000000
0.000000
0.000000
0.000000
0.000000
0.000000
19.333605
0.000000
0.000000
0.000000
0.000000
0.000000
0.000000
0.000000
0.000000
0.000000
0.000000
0.000000
0.000000
0.000000
0.000000
0.000000
0.000000
0.000000
0.000000
0.000000
0.000000
0.000000
0.000000
0.000000
0.000000
0.000000
0.000000
4.351870
0.000000
0.000000
0.000000
0.000000
0.000000
0.000000
0.000000
0.000000
0.000000
0.000000
0.000000
0.000000
0.000000
0.000000
0.000000
0.000000
0.000000
0.000000
2.683914
0.000000
0.000000
0.000000
0.000000
0.000000
0.000000
0.000000
0.000000
0.000000
0.777774
0.000000
0.000000
0.000000
0.000000
0.000000
0.000000
2.071452
0.000000
2.198489
0.000000
0.000000
0.000000
1.805767
0.000000
0.000000
0.000000
0.000000
0.000000
0.000000
0.000000
1.299474
0.000000
0.000000
1.554559
0.000000
0.000000
0.000000
1.608574
0.000000
0.000000
0.000000
0.000000
0.000000
1.290689
0.000000
0.000000
0.000000
0.000000
0.000000
0.000000
0.000000
0.000000
0.000000
0.000000
0.000000
0.000000
0.000000
0.000000
5.103577
0.000000
5.093664
0.000000
0.000000
0.000000
0.000000
4.967828
0.000000
0.000000
0.000000
4.728343
0.000000
3.852538
0.000000
0.000000
0.000000
0.000000
0.000000
0.000000
0.000000
0.000000
0.000000
0.000000
1.437240
0.000000
0.000000
0.000000
1.623604
0.000000
1.515541
0.000000
0.000000
1.831498
0.000000
0.000000
0.000000
0.000000
0.000000
1.154553
0.000000
0.000000
0.000000
0.000000
0.000000
0.000000
0.000000
1.351881
0.000000
1.025925
0.000000
0.000000
1.198848
0.000000
0.000000
1.240323
0.000000
0.000000
0.000000
0.000000
0.000000
0.000000
0.000000
1.046093
0.000000
0.000000
0.000000
1.005368
0.000000
0.000000
0.000000
1.276212
0.000000
0.000000
1.396098
0.000000
0.000000
1.243896
0.000000
0.000000
0.000000
1.444782
0.000000
0.000000
1.673055
0.000000
0.000000
0.000000
0.000000
0.000000
0.000000
1.119544
0.000000
0.000000
0.000000
0.000000
0.000000
0.000000
0.000000
0.000000
2.802883
0.000000
0.000000
0.000000
0.000000
0.000000
0.000000
0.000000
0.000000
0.000000
0.000000
0.000000
0.000000
0.000000
0.000000
0.000000
0.000000
0.000000
0.000000
0.000000
0.000000
0.000000
0.000000
0.000000
0.000000
0.000000
0.000000
0.000000
0.000000
15.298027
0.000000
0.000000
0.000000
0.000000
0.000000
0.000000
0.000000
0.000000
0.000000
0.000000
0.000000
0.000000
0.000000
0.000000
0.000000
0.000000
0.000000
0.000000
0.000000
0.000000
0.000000
0.000000
0.000000
0.000000
0.000000
0.000000
4.449051
0.000000
0.000000
0.000000
0.000000
0.000000
0.000000
0.000000
0.000000
0.000000
0.000000
0.000000
0.000000
0.000000
0.000000
0.000000
0.000000
0.000000
0.000000
0.000000
0.000000
3.926297
