0.000000
0.000000
0.000000
0.000000
0.000000
0.000000
7.800727
0.000000
0.000000
13.193095
0.000000
16.293308
0.000000
0.000000
0.000000
0.000000
0.000000
0.000000
37.828580
0.000000
0.000000
0.000000
0.000000
53.870749
0.000000
0.000000
0.000000
0.000000
0.000000
107.497788
0.000000
78.108737
0.000000
0.000000
65.244881
0.000000
0.000000
49.593385
0.000000
0.000000
0.000000
35.730605
0.000000
0.000000
35.402477
0.000000
34.693042
0.000000
30.531393
0.000000
0.000000
44.509681
0.000000
0.000000
0.000000
0.000000
22.466438
0.000000
0.000000
0.000000
0.000000
24.321466
0.000000
0.000000
0.000000
0.000000
30.287926
0.000000
0.000000
0.000000
0.000000
0.000000
0.000000
0.000000
27.133780
0.000000
0.000000
0.000000
0.000000
21.511585
0.000000
0.000000
17.287117
0.000000
17.868085
0.000000
14.653941
0.000000
0.000000
0.000000
0.000000
13.579259
0.000000
0.000000
0.000000
0.000000
16.158123
0.000000
0.000000
13.286610
0.000000
0.000000
0.000000
0.000000
14.415380
0.000000
0.000000
0.000000
14.984689
0.000000
0.000000
0.000000
0.000000
0.000000
0.000000
0.000000
29.546830
0.000000
0.000000
0.000000
0.000000
21.121633
0.000000
0.000000
0.000000
19.850571
0.000000
0.000000
0.000000
0.000000
0.000000
0.000000
0.000000
21.078136
0.000000
0.000000
0.000000
0.000000
0.000000
18.428668
0.000000
0.000000
0.000000
0.000000
20.244207
0.000000
0.000000
0.000000
23.563366
0.000000
0.000000
0.000000
22.300184
0.000000
0.000000
0.000000
0.000000
15.079075
0.000000
13.884212
0.000000
0.000000
9.349974
0.000000
10.583762
0.000000
0.000000
10.579042
0.000000
0.000000
0.000000
11.666304
0.000000
0.000000
0.000000
12.338013
0.000000
0.000000
16.346460
0.000000
0.000000
0.000000
10.381225
0.000000
0.000000
16.337314
0.000000
0.000000
0.000000
0.000000
15.337150
0.000000
0.000000
15.484787
0.000000
0.000000
12.053805
0.000000
0.000000
0.000000
8.232082
0.000000
0.000000
11.137323
0.000000
0.000000
0.000000
12.166567
0.000000
0.000000
11.970173
0.000000
0.000000
13.351747
0.000000
0.000000
0.000000
10.844085
0.000000
9.882414
0.000000
0.000000
20.572792
0.000000
0.000000
0.000000
0.000000
0.000000
0.000000
0.000000
9.179804
0.000000
8.806968
0.000000
0.000000
0.000000
7.890810
0.000000
0.000000
0.000000
0.000000
9.935684
0.000000
9.309669
0.000000
0.000000
15.565217
0.000000
12.405855
0.000000
0.000000
0.000000
12.651969
0.000000
0.000000
14.233729
0.000000
0.000000
0.000000
0.000000
0.000000
17.845616
0.000000
0.000000
0.000000
0.000000
17.393065
0.000000
0.000000
0.000000
0.000000
23.087807
0.000000
21.820868
0.000000
0.000000
19.043840
0.000000
19.195911
0.000000
17.434520
0.000000
0.000000
0.000000
18.659932
0.000000
0.000000
13.459780
0.000000
0.000000
0.000000
14.914645
0.000000
0.000000
17.829004
0.000000
17.200550
0.000000
0.000000
0.000000
0.000000
0.000000
11.531773
0.000000
9.194133
0.000000
8.557666
0.000000
0.000000
0.000000
0.000000
11.060562
0.000000
0.000000
0.000000
11.275277
0.000000
0.000000
10.360852
0.000000
0.000000
10.900696
0.000000
0.000000
0.000000
0.000000
8.503705
0.000000
8.067664
0.000000
0.000000
0.000000
0.000000
11.686625
0.000000
0.000000
0.000000
10.781346
0.000000
0.000000
0.000000
0.000000
14.849249
0.000000
17.020394
0.000000
0.000000
0.000000
10.656643
0.000000
12.753256
0.000000
11.462991
0.000000
0.000000
0.000000
0.000000
0.000000
12.768040
0.000000
0.000000
7.628707
0.000000
9.822620
0.000000
7.861509
0.000000
0.000000
0.000000
0.000000
7.436581
0.000000
0.000000
8.227728
0.000000
0.000000
10.980797
0.000000
0.000000
0.000000
10.229342
0.000000
0.000000
0.000000
7.654882
0.000000
7.184935
0.000000
0.000000
0.000000
0.000000
0.000000
11.272720
0.000000
0.000000
0.000000
0.000000
0.000000
16.549773
0.000000
0.000000
0.000000
0.000000
0.000000
7.836708
0.000000
0.000000
8.730166
0.000000
0.000000
0.000000
8.782207
0.000000
8.757521
0.000000
8.835907
0.000000
11.439859
0.000000
14.728829
0.000000
0.000000
0.000000
18.906546
0.000000
0.000000
16.776194
0.000000
0.000000
12.550947
0.000000
11.690767
0.000000
0.000000
12.125739
0.000000
0.000000
19.556234
0.000000
0.000000
0.000000
17.508802
0.000000
0.000000
13.439276
0.000000
10.463741
0.000000
0.000000
13.354574
0.000000
10.474922
0.000000
19.819112
0.000000
0.000000
8.913297
0.000000
7.903561
0.000000
9.939042
0.000000
0.000000
0.000000
0.000000
0.000000
0.000000
12.557188
0.000000
0.000000
8.077430
0.000000
0.000000
9.749438
0.000000
11.044824
0.000000
0.000000
0.000000
8.430467
0.000000
0.000000
0.000000
0.000000
0.000000
8.309330
0.000000
9.382741
0.000000
0.000000
13.153158
0.000000
0.000000
16.881789
0.000000
0.000000
0.000000
0.000000
0.000000
0.000000
11.326227
0.000000
0.000000
0.000000
7.304914
0.000000
0.000000
0.000000
0.000000
16.161030
0.000000
0.000000
0.000000
0.000000
0.000000
0.000000
0.000000
15.532826
0.000000
0.000000
0.000000
0.000000
12.597509
0.000000
0.000000
0.000000
0.000000
8.462761
0.000000
0.000000
7.401030
0.000000
0.000000
0.000000
0.000000
8.249448
0.000000
0.000000
0.000000
0.000000
0.000000
0.000000
5.079682
0.000000
0.000000
6.540690
0.000000
7.421524
0.000000
5.428140
0.000000
0.000000
0.000000
4.914871
0.000000
0.000000
6.500176
0.000000
0.000000
5.731643
0.000000
0.000000
5.856952
0.000000
0.000000
4.821139
0.000000
0.000000
4.337411
0.000000
0.000000
0.000000
0.000000
0.000000
5.624974
0.000000
0.000000
0.000000
7.868575
0.000000
0.000000
0.000000
0.000000
5.750602
0.000000
0.000000
7.247789
0.000000
0.000000
0.000000
0.000000
0.000000
0.000000
5.929319
0.000000
3.489162
0.000000
0.000000
0.000000
6.246910
0.000000
0.000000
8.366898
0.000000
0.000000
0.000000
9.311702
0.000000
0.000000
0.000000
0.000000
0.000000
6.172356
0.000000
0.000000
6.007046
0.000000
0.000000
0.000000
4.843744
0.000000
0.000000
0.000000
0.000000
4.110175
0.000000
0.000000
0.000000
0.000000
5.697549
0.000000
0.000000
4.028180
0.000000
4.892731
0.000000
0.000000
0.000000
0.000000
0.000000
4.753211
0.000000
0.000000
0.000000
0.000000
0.000000
4.312752
0.000000
0.000000
5.934208
0.000000
0.000000
0.000000
0.000000
2.614684
0.000000
2.803584
0.000000
0.000000
0.000000
3.175232
0.000000
0.000000
0.000000
0.000000
0.000000
4.425106
0.000000
0.000000
0.000000
0.000000
3.105774
0.000000
0.000000
0.000000
4.291615
0.000000
0.000000
0.000000
0.000000
3.103516
0.000000
0.000000
5.065158
0.000000
0.000000
3.220457
0.000000
0.000000
3.282606
0.000000
0.000000
0.000000
3.174731
0.000000
0.000000
0.000000
0.000000
0.000000
4.297342
0.000000
0.000000
0.000000
4.075952
0.000000
0.000000
2.446804
0.000000
0.000000
0.000000
3.989710
0.000000
4.381082
0.000000
0.000000
0.000000
0.000000
0.000000
0.000000
0.000000
4.643489
0.000000
0.000000
0.000000
3.288877
0.000000
0.000000
0.000000
0.000000
2.389266
0.000000
0.000000
2.520068
0.000000
0.000000
0.000000
0.000000
0.000000
0.000000
0.000000
2.451548
0.000000
0.000000
1.931448
0.000000
0.000000
0.000000
0.000000
0.000000
1.688745
0.000000
1.455257
0.000000
0.000000
2.232063
0.000000
0.000000
0.000000
0.000000
2.067935
0.000000
0.000000
0.000000
0.000000
0.000000
1.542163
0.000000
0.000000
0.000000
1.367487
0.000000
1.048405
0.000000
0.000000
0.000000
1.759299
0.000000
0.000000
0.000000
0.000000
0.000000
0.000000
1.970782
0.000000
0.000000
0.000000
1.772569
0.000000
0.000000
0.000000
0.000000
0.000000
0.000000
0.967912
0.000000
0.000000
0.685063
0.000000
0.000000
0.797951
0.000000
0.921235
0.000000
0.000000
0.000000
0.000000
0.000000
1.581394
0.000000
1.331074
0.000000
0.000000
0.000000
0.000000
0.000000
1.206074
0.000000
0.000000
0.938865
0.000000
0.000000
1.079927
0.000000
0.000000
0.959871
0.000000
0.000000
1.179498
0.000000
0.000000
0.000000
0.000000
1.120765
0.000000
0.000000
0.000000
0.000000
1.148097
0.000000
0.000000
0.000000
0.000000
0.000000
0.000000
1.223612
0.000000
1.475035
0.000000
0.000000
0.000000
0.000000
0.000000
0.795365
0.000000
0.000000
0.981186
0.000000
0.000000
0.000000
1.366927
0.000000
0.000000
0.000000
1.091673
0.000000
0.000000
0.000000
0.000000
0.000000
0.000000
0.000000
1.133129
0.000000
0.000000
0.000000
0.904399
0.000000
0.816276
0.000000
0.757294
0.000000
0.903036
0.000000
1.044539
0.000000
0.000000
0.000000
1.108380
0.000000
0.000000
0.000000
0.000000
0.947223
0.000000
1.102847
0.000000
0.000000
1.112377
0.000000
0.000000
0.000000
0.000000
1.148771
0.000000
0.000000
1.106849
0.000000
0.000000
0.000000
0.000000
1.010527
0.000000
0.000000
0.927597
0.000000
0.000000
0.886816
0.000000
0.933264
0.000000
0.000000
0.984677
0.000000
0.000000
0.000000
1.054178
0.000000
0.000000
0.000000
0.000000
1.556370
0.000000
0.000000
0.000000
0.000000
0.000000
0.000000
0.000000
0.974487
0.000000
0.000000
0.981771
0.000000
0.000000
0.000000
0.000000
1.125330
0.000000
0.000000
0.000000
0.000000
0.758141
0.000000
0.000000
0.638402
0.000000
0.000000
0.000000
0.000000
0.000000
1.029908
0.000000
0.000000
0.000000
0.000000
0.929100
0.000000
0.000000
0.848603
0.000000
0.000000
0.000000
0.000000
0.756541
0.000000
0.000000
1.008227
0.000000
0.000000
0.000000
0.783122
0.000000
0.000000
1.029431
0.000000
0.000000
0.000000
0.770806
0.000000
0.000000
0.000000
0.942353
0.000000
0.000000
0.000000
0.000000
0.000000
0.630665
0.000000
0.000000
0.901915
0.000000
0.000000
0.933870
0.000000
0.000000
0.819915
0.000000
0.000000
0.000000
1.392566
0.000000
0.000000
0.764679
0.000000
0.927406
0.000000
0.000000
0.000000
1.028966
0.000000
0.000000
0.000000
0.000000
1.242486
