0.000000
5.526674
0.000000
0.000000
0.000000
0.000000
0.000000
0.000000
67.046799
0.000000
55.203392
0.000000
0.000000
0.000000
12.973392
0.000000
5.565898
0.000000
0.000000
0.000000
7.822366
0.000000
0.000000
0.000000
0.000000
0.000000
0.000000
0.000000
0.000000
0.000000
0.000000
0.000000
0.000000
0.000000
0.601438
0.000000
0.000000
0.000000
0.000000
0.730727
0.000000
0.000000
0.000000
0.000000
0.000000
0.000000
0.000000
0.000000
0.000000
0.000000
0.000000
0.000000
0.000000
0.000000
0.000000
0.202852
0.000000
0.204977
0.000000
0.000000
0.207252
0.000000
0.000000
0.000000
0.000000
0.168571
0.000000
0.000000
0.240672
0.000000
0.000000
0.000000
0.000000
0.156707
0.000000
0.151918
0.000000
0.000000
0.000000
0.000000
0.000000
0.000000
0.387105
0.000000
0.000000
0.082407
0.000000
0.000000
0.510315
0.000000
0.000000
0.000000
0.000000
0.000000
0.000000
0.570286
0.000000
0.000000
0.547544
0.000000
0.000000
0.000000
0.407973
0.000000
0.000000
0.000000
0.392419
0.000000
0.000000
0.000000
0.000000
0.000000
0.000000
0.265093
0.000000
0.000000
0.000000
0.000000
0.000000
0.000000
0.000000
0.000000
0.000000
0.219977
0.000000
0.000000
0.048640
0.000000
0.000000
0.000000
0.000000
0.000000
0.000000
0.141712
0.000000
0.000000
0.040321
0.000000
0.000000
0.036478
0.000000
0.000000
0.083071
0.000000
0.000000
0.000000
0.000000
0.035372
0.000000
0.000000
0.034182
0.000000
0.041152
0.000000
0.051404
0.000000
0.000000
0.000000
0.032347
0.000000
0.000000
0.000000
0.032031
0.000000
0.035336
0.000000
0.031764
0.000000
0.030780
0.000000
0.031037
0.000000
0.030299
0.000000
0.000000
0.000000
0.029709
0.000000
0.029176
0.000000
0.000000
0.028652
0.000000
0.000000
0.028320
0.000000
0.028464
0.000000
0.027732
0.000000
0.000000
0.000000
0.027277
0.000000
0.000000
0.026968
0.000000
0.000000
0.000000
0.000000
0.026203
0.000000
0.026132
0.000000
0.000000
0.000000
0.025597
0.000000
0.000000
0.025660
0.000000
0.000000
0.000000
0.025095
0.000000
0.024821
0.000000
0.024406
0.000000
0.024555
0.000000
0.023950
0.000000
0.000000
0.000000
0.024349
0.000000
0.023530
0.000000
0.023558
0.000000
0.000000
0.023260
0.000000
0.000000
0.023272
0.000000
0.000000
0.000000
0.000000
0.022552
0.000000
0.022798
0.000000
0.000000
0.023861
0.000000
0.023324
0.000000
0.022250
0.000000
0.022101
0.000000
0.000000
0.021490
0.000000
0.000000
0.000000
0.000000
0.021273
0.000000
0.021303
0.000000
0.000000
0.000000
0.000000
0.022835
0.000000
0.020741
0.000000
0.020414
0.000000
0.000000
0.000000
0.020469
0.000000
0.020618
0.000000
0.020006
0.000000
0.000000
0.019939
0.000000
0.019882
0.000000
0.000000
0.000000
0.019702
0.000000
0.000000
0.000000
0.019498
0.000000
0.000000
0.000000
0.019186
0.000000
0.000000
0.019106
0.000000
0.000000
0.000000
0.019219
0.000000
0.018711
0.000000
0.000000
0.000000
0.019207
0.000000
0.018503
0.000000
0.000000
0.000000
0.019028
0.000000
0.018323
0.000000
0.018007
0.000000
0.018512
0.000000
0.018485
0.000000
0.018118
0.000000
0.018258
0.000000
0.000000
0.018755
0.000000
0.018126
0.000000
0.017814
0.000000
0.017782
0.000000
0.018071
0.000000
0.018162
0.000000
0.000000
0.018100
0.000000
0.017791
0.000000
0.018353
0.000000
0.018342
0.000000
0.000000
0.017713
0.000000
0.000000
0.017084
0.000000
0.017976
0.000000
0.017528
0.000000
0.000000
0.000000
0.000000
0.000000
0.017936
0.000000
0.000000
0.017729
0.000000
0.000000
0.017108
0.000000
0.000000
0.016883
0.000000
0.000000
0.017541
0.000000
0.000000
0.017639
0.000000
0.000000
0.017438
0.000000
0.000000
0.016733
0.000000
0.018085
0.000000
0.016832
0.000000
0.000000
0.016347
0.000000
0.017386
0.000000
0.017147
0.000000
0.017173
0.000000
0.017672
0.000000
0.017861
0.000000
0.016284
0.000000
0.019171
0.000000
0.017679
0.000000
0.000000
0.016604
0.000000
0.017064
0.000000
0.000000
0.017733
0.000000
0.017095
0.000000
0.000000
0.017382
0.000000
0.000000
0.000000
0.016889
0.000000
0.016423
0.000000
0.000000
0.017103
0.000000
0.000000
0.017487
0.000000
0.000000
0.000000
0.017171
0.000000
0.000000
0.018200
0.000000
0.000000
0.017449
0.000000
0.000000
0.000000
0.000000
0.017003
0.000000
0.000000
0.019626
0.000000
0.000000
0.000000
0.000000
0.017631
0.000000
0.000000
0.000000
0.000000
0.017402
0.000000
0.000000
0.018553
0.000000
0.016844
0.000000
0.000000
0.017066
0.000000
0.017926
0.000000
0.019584
0.000000
0.017824
0.000000
0.000000
0.000000
0.017060
0.000000
0.000000
0.017482
0.000000
0.000000
0.017649
0.000000
0.015865
0.000000
0.019812
0.000000
0.000000
0.018005
0.000000
0.019859
0.000000
0.018290
0.000000
0.000000
0.000000
0.018796
0.000000
0.000000
0.017554
0.000000
0.018165
0.000000
0.000000
0.018191
0.000000
0.017075
0.000000
0.020706
