0.000000
0.000000
0.000000
21.618237
0.000000
0.000000
0.000000
0.000000
67.046827
0.000000
55.203437
0.000000
0.000000
0.000000
13.538368
0.000000
0.000000
0.000000
0.000000
0.000000
0.000000
0.000000
20.855259
0.000000
0.000000
0.000000
0.000000
0.000000
0.000000
14.504776
0.000000
0.000000
0.000000
0.000000
11.760473
0.000000
0.000000
0.000000
0.000000
0.000000
18.901604
0.000000
0.000000
0.000000
0.000000
0.000000
0.000000
0.000000
13.294508
0.000000
0.000000
0.000000
0.000000
0.000000
0.000000
0.000000
0.000000
0.000000
0.000000
14.911627
0.000000
0.000000
0.000000
0.000000
0.000000
0.000000
0.000000
0.000000
13.137163
0.000000
0.000000
0.000000
0.000000
0.000000
0.000000
0.000000
0.000000
0.000000
0.000000
14.772895
0.000000
0.000000
0.000000
0.000000
0.000000
0.000000
0.000000
0.000000
0.000000
0.000000
0.000000
12.766782
0.000000
0.000000
0.000000
0.000000
0.000000
0.000000
0.000000
7.454426
0.000000
0.000000
0.000000
0.000000
0.000000
0.000000
0.000000
10.986356
0.000000
0.000000
0.000000
0.000000
0.000000
0.000000
2.580520
0.000000
0.000000
0.000000
0.000000
3.007896
0.000000
0.000000
0.000000
0.000000
0.000000
4.354568
0.000000
0.000000
0.000000
0.000000
3.260279
0.000000
0.000000
0.000000
0.000000
5.447578
0.000000
0.000000
0.000000
0.000000
0.000000
0.000000
3.961608
0.000000
0.000000
0.000000
0.000000
0.000000
1.349603
0.000000
0.000000
0.000000
0.000000
2.636157
0.000000
0.000000
0.000000
0.000000
0.000000
2.088255
0.000000
0.000000
0.000000
0.000000
0.000000
0.000000
1.834242
0.000000
0.000000
0.000000
0.000000
0.000000
2.697694
0.000000
0.000000
0.000000
0.000000
0.000000
0.910770
0.000000
0.000000
0.000000
0.000000
3.189634
0.000000
0.000000
0.000000
0.000000
3.351967
0.000000
0.000000
0.000000
0.000000
0.000000
1.929954
0.000000
0.000000
0.000000
0.000000
0.000000
0.000000
0.000000
0.000000
0.000000
0.000000
0.000000
0.000000
0.000000
1.432046
0.000000
0.000000
0.000000
0.000000
0.000000
0.000000
0.000000
1.250625
0.000000
0.000000
0.000000
0.000000
0.000000
0.000000
0.000000
0.000000
1.243907
0.000000
0.000000
0.000000
0.000000
0.000000
0.000000
0.000000
1.484377
0.000000
0.000000
0.000000
0.000000
0.000000
1.048049
0.000000
0.000000
0.000000
0.000000
0.000000
0.000000
1.027724
0.000000
0.000000
0.000000
0.000000
0.000000
0.000000
0.000000
0.000000
0.000000
0.593100
0.000000
0.000000
0.000000
0.000000
0.000000
0.000000
0.000000
0.612814
0.000000
0.000000
0.000000
0.000000
0.000000
0.000000
0.495311
0.000000
0.000000
0.000000
0.000000
0.272080
0.000000
0.000000
0.000000
0.000000
0.000000
0.631936
0.000000
0.000000
0.000000
0.000000
0.000000
0.968559
0.000000
0.000000
0.000000
0.000000
0.000000
0.000000
0.462868
0.000000
0.000000
0.000000
0.469342
0.000000
0.000000
0.000000
0.000000
0.000000
0.000000
0.242989
0.000000
0.000000
0.000000
0.000000
0.000000
0.000000
0.270036
0.000000
0.000000
0.000000
0.489912
0.000000
0.000000
0.000000
0.000000
0.000000
0.299434
0.000000
0.000000
0.000000
0.000000
0.000000
0.000000
0.622458
0.000000
0.000000
0.000000
0.000000
0.000000
0.254728
0.000000
0.000000
0.000000
0.146242
0.000000
0.000000
0.000000
0.000000
0.000000
0.000000
0.000000
0.000000
0.000000
0.394091
0.000000
0.000000
0.000000
0.000000
0.000000
0.000000
0.000000
0.426598
0.000000
0.000000
0.000000
0.000000
0.000000
0.000000
0.000000
0.000000
0.000000
0.237875
0.000000
0.000000
0.000000
0.000000
0.239711
0.000000
0.000000
0.000000
0.000000
0.259614
0.000000
0.000000
0.000000
0.000000
0.233113
0.000000
0.000000
0.000000
0.000000
0.117892
0.000000
0.000000
0.000000
0.110531
0.000000
0.000000
0.000000
0.000000
0.089046
0.000000
0.000000
0.000000
0.000000
0.000000
0.000000
0.000000
0.000000
0.261989
0.000000
0.000000
0.000000
0.000000
0.091243
0.000000
0.000000
0.000000
0.093158
0.000000
0.000000
0.000000
0.000000
0.093340
0.000000
0.000000
0.000000
0.000000
0.167598
0.000000
0.000000
0.000000
0.000000
0.100035
0.000000
0.000000
0.000000
0.060097
0.000000
0.000000
0.000000
0.000000
0.065138
0.000000
0.000000
0.000000
0.000000
0.056552
0.000000
0.000000
0.000000
0.085718
0.000000
0.000000
0.000000
0.076108
0.000000
0.000000
0.000000
0.000000
0.000000
0.082747
0.000000
0.000000
0.000000
0.000000
0.057013
0.000000
0.000000
0.000000
0.056585
0.000000
0.000000
0.000000
0.000000
0.049728
0.000000
0.000000
0.000000
0.055331
0.000000
0.000000
0.000000
0.000000
0.046714
0.000000
0.000000
0.000000
0.000000
0.056245
0.000000
0.000000
0.000000
0.000000
0.052375
0.000000
0.000000
0.000000
0.048435
0.000000
0.000000
0.000000
0.000000
0.049435
0.000000
0.000000
0.000000
0.044732
0.000000
0.000000
0.000000
0.000000
0.000000
0.044030
0.000000
0.000000
0.000000
0.000000
0.000000
0.000000
0.000000
0.000000
0.000000
0.000000
0.000000
0.000000
0.000000
0.000000
0.000000
0.000000
0.000000
0.000000
0.000000
0.000000
0.000000
0.000000
0.000000
0.000000
0.000000
0.000000
0.000000
0.000000
0.000000
0.000000
0.000000
0.000000
0.000000
0.000000
0.000000
0.000000
0.000000
0.000000
0.000000
0.000000
0.000000
0.000000
0.000000
0.000000
0.000000
0.000000
0.000000
0.000000
0.000000
0.000000
0.000000
0.000000
0.000000
0.000000
0.000000
0.000000
0.000000
0.000000
0.000000
0.000000
0.000000
0.000000
0.000000
0.000000
0.000000
0.000000
0.000000
0.000000
0.000000
0.000000
0.000000
0.000000
0.000000
0.000000
0.000000
0.000000
0.000000
0.000000
0.000000
0.000000
0.000000
0.000000
0.000000
0.000000
0.000000
0.000000
0.000000
0.000000
0.000000
0.000000
0.000000
0.000000
0.000000
0.000000
0.000000
0.000000
0.000000
0.000000
0.000000
0.000000
0.000000
0.000000
0.000000
0.000000
0.000000
0.000000
0.000000
0.000000
0.000000
0.000000
0.000000
0.000000
0.000000
0.000000
0.000000
0.000000
0.000000
0.000000
0.000000
0.000000
0.000000
0.000000
0.000000
0.000000
0.000000
0.000000
0.000000
0.000000
0.000000
0.000000
0.000000
0.000000
0.000000
0.000000
0.000000
0.000000
0.000000
0.000000
0.000000
0.000000
0.000000
0.000000
0.000000
0.000000
0.000000
0.000000
0.000000
0.000000
0.000000
0.000000
0.000000
0.000000
0.000000
0.000000
0.000000
0.000000
0.000000
0.000000
0.000000
0.000000
0.000000
0.000000
0.000000
0.000000
0.000000
0.000000
0.000000
0.000000
0.000000
0.000000
0.000000
0.000000
0.000000
0.000000
0.000000
0.000000
0.000000
0.000000
0.000000
0.000000
0.000000
0.000000
0.000000
0.000000
0.000000
0.000000
0.000000
0.000000
0.000000
0.000000
0.000000
0.000000
0.000000
0.000000
0.000000
0.000000
0.000000
0.000000
0.000000
0.000000
0.000000
0.000000
0.000000
0.000000
0.000000
0.000000
0.000000
0.000000
0.000000
0.000000
0.000000
0.000000
0.000000
0.000000
0.000000
0.000000
0.000000
0.000000
0.000000
0.000000
0.000000
0.000000
0.000000
0.000000
0.000000
0.000000
0.000000
0.000000
0.000000
0.000000
0.000000
0.000000
0.000000
0.000000
0.000000
0.000000
0.000000
0.000000
0.000000
0.000000
0.000000
0.000000
0.000000
0.000000
0.000000
0.000000
0.000000
0.000000
0.000000
0.000000
0.000000
0.000000
0.000000
0.000000
0.000000
0.000000
0.000000
0.000000
0.000000
0.000000
0.000000
0.000000
0.000000
0.000000
0.000000
0.000000
0.000000
0.000000
0.000000
0.000000
0.000000
0.000000
0.000000
0.000000
0.000000
0.000000
0.000000
0.000000
0.000000
0.000000
0.000000
0.000000
0.000000
0.000000
0.000000
0.000000
0.000000
0.000000
0.000000
0.000000
0.000000
0.000000
0.000000
0.000000
0.000000
0.000000
0.000000
0.000000
0.000000
0.000000
0.000000
0.000000
0.000000
0.000000
0.000000
0.000000
0.000000
0.000000
0.000000
0.000000
0.000000
0.000000
0.000000
0.000000
0.000000
0.000000
0.000000
0.000000
0.000000
0.000000
0.000000
0.000000
0.000000
0.000000
0.000000
0.000000
0.000000
0.000000
0.000000
0.000000
0.000000
0.000000
0.000000
0.000000
0.000000
0.000000
0.000000
0.000000
0.000000
0.000000
0.000000
0.000000
0.000000
0.000000
0.000000
0.000000
0.000000
0.000000
0.000000
0.000000
0.000000
0.000000
0.000000
0.000000
0.000000
0.000000
0.000000
0.000000
0.000000
0.000000
0.000000
0.000000
0.000000
0.000000
0.000000
0.000000
0.000000
0.000000
0.000000
0.000000
0.000000
0.000000
0.000000
0.000000
0.000000
0.000000
0.000000
0.000000
0.000000
0.000000
0.000000
0.000000
0.000000
0.000000
0.000000
0.000000
0.000000
0.000000
0.000000
0.000000
0.000000
0.000000
0.000000
0.000000
0.000000
0.000000
0.000000
0.000000
0.000000
0.000000
0.000000
0.000000
0.000000
0.000000
0.000000
0.000000
0.000000
0.000000
0.000000
0.000000
0.000000
0.000000
0.000000
0.000000
0.000000
0.000000
0.000000
0.000000
0.000000
0.000000
0.000000
0.000000
0.000000
0.000000
0.000000
0.000000
0.000000
0.000000
0.000000
0.000000
0.000000
0.000000
0.000000
0.000000
0.000000
0.000000
0.000000
0.000000
0.000000
0.000000
0.000000
0.000000
0.000000
0.000000
0.000000
0.000000
0.000000
0.000000
0.000000
0.000000
0.000000
0.000000
0.000000
0.000000
0.000000
0.000000
0.000000
0.000000
0.000000
0.000000
0.000000
0.000000
0.000000
0.000000
0.000000
0.000000
0.000000
0.000000
0.000000
0.000000
0.000000
0.000000
0.000000
0.000000
0.000000
0.000000
0.000000
0.000000
0.000000
0.000000
0.000000
0.000000
0.000000
0.000000
0.000000
0.000000
0.000000
0.000000
0.000000
0.000000
0.000000
0.000000
0.000000
0.000000
0.000000
0.000000
0.000000
0.000000
0.000000
0.000000
0.000000
0.000000
0.000000
0.000000
0.000000
0.000000
0.000000
0.000000
0.000000
0.000000
0.000000
0.000000
0.000000
