0.000000
0.000000
0.000000
0.000000
15.648770
0.000000
0.000000
7.771414
0.000000
0.000000
0.000000
0.000000
4.996663
0.000000
0.000000
0.000000
0.000000
3.213001
0.000000
2.466917
0.000000
0.000000
2.275709
0.000000
0.000000
1.901583
0.000000
0.000000
2.012589
0.000000
0.000000
0.000000
0.000000
1.776896
0.000000
0.000000
0.000000
1.571168
0.000000
0.000000
0.000000
1.449133
0.000000
1.677998
0.000000
0.000000
1.301285
0.000000
0.000000
1.298404
0.000000
1.040852
0.000000
0.000000
0.000000
0.000000
1.601482
0.000000
0.000000
0.000000
0.000000
0.000000
0.000000
0.000000
1.805750
0.000000
0.000000
0.000000
0.000000
1.311306
0.000000
0.000000
1.250317
0.000000
0.000000
1.430257
0.000000
0.000000
0.000000
1.953670
0.000000
0.000000
0.000000
0.000000
1.383372
0.000000
0.000000
0.000000
1.439653
0.000000
1.288886
0.000000
1.318247
0.000000
0.000000
1.293091
0.000000
1.218808
0.000000
0.000000
1.441663
0.000000
0.000000
1.383558
0.000000
0.000000
0.000000
1.256390
0.000000
0.000000
1.558031
0.000000
0.000000
1.374267
0.000000
0.000000
1.524109
0.000000
0.000000
1.536164
0.000000
0.000000
1.864051
0.000000
0.000000
1.300068
0.000000
0.000000
1.610291
0.000000
0.000000
1.646566
0.000000
0.000000
1.287243
0.000000
1.613557
0.000000
0.000000
1.523596
0.000000
1.581000
0.000000
1.287495
0.000000
1.332135
0.000000
0.000000
0.000000
0.000000
1.592911
0.000000
0.000000
1.413381
0.000000
1.311398
0.000000
0.000000
0.000000
1.399849
0.000000
0.000000
1.270758
0.000000
0.000000
1.169344
0.000000
0.000000
1.123168
0.000000
0.000000
1.213275
0.000000
1.131843
0.000000
0.000000
0.000000
1.189558
0.000000
1.146482
0.000000
0.000000
0.000000
0.000000
0.000000
0.855408
0.000000
0.000000
0.000000
0.923097
0.000000
0.000000
0.000000
0.838714
0.000000
0.816649
0.000000
0.000000
0.942481
0.000000
0.755291
0.000000
0.000000
0.677488
0.000000
0.000000
0.603252
0.000000
0.000000
0.000000
0.000000
0.000000
0.554535
0.000000
0.000000
0.624935
0.000000
0.000000
0.656025
0.000000
0.000000
0.000000
0.000000
0.000000
0.000000
0.657791
0.000000
0.000000
0.000000
0.000000
0.000000
0.421427
0.000000
0.000000
0.000000
0.000000
0.000000
0.313310
0.000000
0.281042
0.000000
0.339972
0.000000
0.000000
0.000000
0.000000
0.298833
0.000000
0.309123
0.000000
0.000000
0.000000
0.000000
0.340785
0.000000
0.000000
0.226684
0.000000
0.000000
0.300717
0.000000
0.267669
0.000000
0.230386
0.000000
0.000000
0.224806
0.000000
0.000000
0.000000
0.209843
0.000000
0.000000
0.228706
0.000000
0.000000
0.217011
0.000000
0.231533
0.000000
0.000000
0.000000
0.351047
0.000000
0.000000
0.000000
0.000000
0.000000
0.249522
0.000000
0.000000
0.000000
0.211531
0.000000
0.225445
0.000000
0.000000
0.223976
0.000000
0.000000
0.213699
0.000000
0.000000
0.000000
0.000000
0.217940
0.000000
0.000000
0.174809
0.000000
0.000000
0.150616
0.000000
0.145280
0.000000
0.153455
0.000000
0.000000
0.000000
0.000000
0.128797
0.000000
0.000000
0.000000
0.143838
0.000000
0.000000
0.153338
0.000000
0.000000
0.000000
0.000000
0.140543
0.000000
0.000000
0.121808
0.000000
0.000000
0.000000
0.000000
0.000000
0.000000
0.101716
0.000000
0.000000
0.119691
0.000000
0.104536
0.000000
0.077221
0.000000
0.000000
0.077110
0.000000
0.000000
0.000000
0.066202
0.000000
0.000000
0.000000
0.061898
0.000000
0.000000
0.064164
0.000000
0.000000
0.000000
0.000000
0.055731
0.000000
0.000000
0.047279
0.000000
0.000000
0.042687
0.000000
0.000000
0.000000
0.033749
0.000000
0.000000
0.032483
0.000000
0.029862
0.000000
0.028340
0.000000
0.024716
0.000000
0.021639
0.000000
0.000000
0.018479
0.000000
0.000000
0.000000
0.000000
0.015420
0.000000
0.000000
0.014111
0.000000
0.010727
0.000000
0.000000
0.010012
0.000000
0.009109
0.000000
0.000000
0.009954
0.000000
0.000000
0.000000
0.006466
0.000000
0.000000
0.000000
0.000000
0.006555
0.000000
0.000000
0.000000
0.006123
0.000000
0.000000
0.006205
0.000000
0.000000
0.000000
0.005880
0.000000
0.005855
0.000000
0.000000
0.000000
0.000000
0.005825
0.000000
0.005731
0.000000
0.005672
0.000000
0.000000
0.005714
0.000000
0.005623
0.000000
0.005650
0.000000
0.000000
0.005695
0.000000
0.000000
0.005627
0.000000
0.005681
0.000000
0.005584
0.000000
0.005638
0.000000
0.000000
0.005665
0.000000
0.005569
0.000000
0.005553
0.000000
0.005715
0.000000
0.005657
0.000000
0.000000
0.000000
0.005576
0.000000
0.000000
0.000000
0.005637
0.000000
0.005647
0.000000
0.000000
0.005578
0.000000
0.005516
0.000000
0.005693
0.000000
0.000000
0.005576
0.000000
0.005543
0.000000
0.000000
0.005645
0.000000
0.000000
0.005477
0.000000
0.005580
0.000000
0.000000
0.005737
0.000000
0.005560
0.000000
0.000000
0.005528
0.000000
0.005589
0.000000
