1.217013
1.225175
1.250027
1.291636
1.348151
1.409307
1.428067
1.173096
1.718365
59.607891
213.220782
133.389987
6.417336
0.603182
1.242870
1.263508
1.178500
1.081046
0.991420
0.913124
0.845509
0.787070
0.736334
0.691976
0.652837
0.618109
0.587097
0.559195
0.533998
0.511089
0.490189
0.470998
0.453362
0.437089
0.422016
0.407985
0.394884
0.382650
0.371185
0.360466
0.350313
0.340799
0.331820
0.323285
0.315193
0.307552
0.300263
0.293315
0.286707
0.280420
0.274431
0.268633
0.263144
0.257898
0.252816
0.247948
0.243271
0.238788
0.234495
0.230323
0.226300
0.222457
0.218696
0.215116
0.211612
0.208268
0.204982
0.201840
0.198776
0.195847
0.192951
0.190189
0.187455
0.184837
0.182279
0.179824
0.177416
0.175083
0.172809
0.170575
0.168438
0.166328
0.164267
0.162278
0.160342
0.158439
0.156592
0.154783
0.153006
0.151295
0.149618
0.147976
0.146361
0.144797
0.143261
0.141775
0.140305
0.138868
0.137458
0.136091
0.134748
0.133435
0.132141
0.130890
0.129651
0.128436
0.127253
0.126080
0.124942
0.123828
0.122715
0.121655
0.120618
0.119561
0.118596
0.117546
0.116567
0.115600
0.114642
0.113728
0.112845
0.111961
0.111029
0.110172
0.109314
0.108468
0.107625
0.106825
0.106083
0.105288
0.104481
0.103724
0.102971
0.102295
0.101579
0.100832
0.100131
0.099512
0.098755
0.098111
0.097423
0.096818
0.096168
0.095531
0.094918
0.094291
0.093832
0.093135
0.092472
0.091899
0.091465
0.090834
0.090219
0.089886
0.089235
0.088680
0.088174
0.087665
0.087171
0.086636
0.086154
0.085746
0.085184
0.084714
0.084254
0.083754
0.083274
0.082823
0.082354
0.081941
0.081577
0.081093
0.080607
0.080300
0.079926
0.079386
0.079065
0.078620
0.078168
0.077816
0.077423
0.077008
0.076785
0.076467
0.075902
0.075620
0.075287
0.074913
0.074577
0.074369
0.073927
0.073573
0.073483
0.072806
0.072488
0.072158
0.072032
0.071633
0.071282
0.071051
0.070670
0.070433
0.070113
0.069858
0.069630
0.069120
0.068960
0.068767
0.068298
0.068147
0.067823
0.067418
0.067137
0.067060
0.066784
0.066627
0.066158
0.065902
0.065745
0.065417
0.065168
0.064951
0.064837
0.064450
0.064163
0.064057
0.063782
0.063469
0.063196
0.062985
0.062793
0.062482
0.062282
0.062125
0.061832
0.061793
0.061392
0.061284
0.061096
0.060759
0.060551
0.060456
0.060411
0.060047
0.059787
0.059678
0.059354
0.059192
0.059088
0.058801
0.058662
0.058434
0.058194
0.058098
0.057976
0.057678
0.057649
0.057357
0.057161
0.056989
0.056776
0.056618
0.056497
0.056366
0.056123
0.055879
0.055777
0.055658
0.055410
0.055182
0.055169
0.054929
0.054746
0.054662
0.054448
0.054273
0.054143
0.053948
0.053794
0.053708
0.053540
0.053409
0.053237
0.053100
0.053001
0.052838
0.052607
0.052564
0.052384
0.052250
0.052170
0.051991
0.051852
0.051760
0.051671
0.051598
0.051412
0.051251
0.051201
0.051285
0.051030
0.050960
0.050899
0.050686
0.050619
0.050495
0.050405
0.050304
0.050157
0.050128
0.050095
0.050017
0.049933
0.049964
0.049666
0.049593
0.049414
0.049625
0.049581
0.049313
0.049271
0.049256
0.049066
0.049086
0.049091
0.048859
0.048821
0.048701
0.048432
0.048551
0.048502
0.048395
0.048443
0.048128
0.048191
0.048106
0.048444
0.048297
0.047830
0.048154
0.047824
0.047915
0.047839
0.047978
0.048002
0.047620
0.048157
0.047447
0.048148
0.047605
0.047211
0.047682
0.047242
0.047473
0.047116
0.047847
0.047514
0.047385
0.047042
0.047548
0.047329
0.047495
0.048115
0.047481
0.046953
0.047748
0.047100
0.047019
0.046358
0.046534
0.046822
0.047046
0.046545
0.046526
0.046393
0.046582
0.046273
0.046303
0.046463
0.046141
0.046698
0.046368
0.046358
0.046380
0.046660
0.046349
0.046980
0.046985
0.046566
0.045613
0.046777
0.046748
0.046718
0.046378
0.046596
0.046501
0.046856
0.046858
0.046087
0.045858
0.045495
0.046279
0.047180
0.047391
0.045860
0.045856
0.046199
0.046096
0.046794
0.046181
0.046761
0.045789
0.046767
0.045952
0.045775
0.045726
0.046416
0.046091
0.045933
0.047026
0.046496
0.046165
0.046216
0.045895
0.046432
0.045074
0.046138
0.046321
0.045893
0.046328
0.045394
0.046115
0.045477
0.046697
0.046384
0.046142
0.045610
0.045536
0.046375
0.045967
0.046097
0.046380
0.046193
0.045157
0.046900
0.046993
0.045913
0.045054
0.045472
0.046165
0.045106
0.045137
0.045922
0.045357
0.046017
0.047896
0.045250
0.046093
0.046174
0.046998
0.047321
0.045120
0.047846
0.046938
0.046210
0.046837
0.046748
0.046209
0.046205
0.045319
0.045923
0.045920
0.046824
0.047381
0.046735
0.046512
0.046758
0.046319
0.048105
0.048483
0.047209
0.046564
0.046407
0.046825
0.048202
0.046762
0.045690
0.047308
0.045764
0.046633
0.047734
0.045172
0.047095
0.045695
0.047134
0.047616
0.047044
0.045613
0.046615
0.047186
0.046929
0.046281
0.045601
0.045007
0.046548
0.047666
0.047212
0.045908
0.046710
0.045396
0.045614
0.046961
0.046529
